
function [P0_count, P1_count, P2_count, P3_count] = data_200_library


P0_count=[546
48
88
50
90
85
40
54
47
65
49
48
22
49
43
34
23
45
68
31
59
74
29
53
15
70
55
72
75
193
69
65
46
52
40
70
68
47
35
80
41
74
80
53
40
246
64
66
62
28
183
38
90
85
48
32
27
90
147
33
49
63
80
60
88
4300
24
192
922
40
69
60
27
78
28
93
83
71
96
5746
43
65
72
62
43
47
85
68
49
59
34
75
23
80
55
49
316
78
18
25
105
1
102
75
116
46
49
28
31
94
76
34
62
50
76
46
47
75
59
38
31
56
92
52
60
52
38
41
37
41
65
56
79
43
32
103
39
71
32
60
23
49
67
29
73
40
163
114
67
99
67
32
124
296
67
188
41
17
10
7
2
33
20
16
87
58
21
17
10
21
18
11
72
2
16
13
24
21
7
10
57
202
147
49
20
5
17
42
4
58
68
1
2
98
2
12
10
19
29
6
3
20
102
53
45
28
75
882
58
48
28
15
8
42
10
68
17
48
40
72
26
19
23
33
24
21
18
23
185
35
48
11
20
8
15
22
13
11
74
59
48
21
14
22
73
15
13
18
28
14
12
54
32
64
32
12
5
44
9
16
72
16
13
53
19
19
11
5
26
39
11
28
25
4];

P1_count = [
    293
21
75
38
67
74
29
51
24
40
33
20
10
33
29
15
12
29
48
29
42
52
24
51
15
48
56
53
46
147
47
58
38
45
22
52
42
47
33
86
25
72
63
25
25
166
41
41
25
16
259
39
83
83
50
23
19
61
70
23
45
43
38
31
41
5537
12
166
999
45
55
29
20
59
13
63
44
66
90
7114
33
46
54
41
16
18
84
74
35
40
12
32
13
52
55
25
206
35
7
14
86
0
90
57
120
27
30
15
16
94
40
21
45
35
46
28
35
65
44
27
14
41
64
52
53
32
12
31
62
24
48
43
72
31
45
47
18
29
20
55
13
31
49
30
46
17
120
108
57
87
48
8
80
232
51
132
39
13
10
1
2
17
21
9
46
31
12
10
6
11
13
9
61
0
13
11
25
24
6
9
35
187
114
36
23
6
13
17
3
48
76
2
1
97
1
10
9
7
18
8
1
9
64
39
33
9
42
580
30
59
38
13
3
21
9
69
11
35
45
42
21
13
18
29
14
21
19
21
126
22
38
8
12
7
13
15
7
8
53
38
46
14
16
16
56
10
8
11
13
6
10
30
17
45
13
7
4
24
9
7
66
14
9
60
8
27
0
5
20
27
11
7
18
6];

P2_count =[217
10
61
24
65
50
13
40
13
12
18
14
6
17
10
9
8
15
30
7
30
32
13
26
6
37
29
18
41
83
21
31
24
27
16
26
29
25
20
36
11
58
36
17
12
84
18
15
12
9
208
27
66
56
12
10
16
25
27
5
17
29
18
22
12
12171
9
45
1392
30
40
26
19
43
12
36
35
40
34
10004
8
16
35
16
2
8
54
37
8
25
6
6
3
16
18
19
63
20
2
7
49
0
37
40
77
13
7
11
6
77
15
17
26
31
31
16
12
48
37
19
8
31
29
34
12
18
8
17
54
11
26
9
57
10
27
44
8
16
17
26
7
26
17
7
19
10
59
67
24
34
39
8
42
153
27
91
26
9
2
3
2
2
16
3
10
6
3
7
4
5
7
5
30
1
9
1
11
10
2
1
14
111
64
14
3
5
15
11
0
29
58
3
0
63
0
6
6
2
12
1
0
2
34
40
18
2
13
305
17
39
12
12
0
6
6
44
3
14
39
35
17
5
21
24
1
12
5
6
43
12
33
2
7
1
5
3
8
6
14
10
28
8
6
4
31
2
7
5
5
4
3
13
6
32
16
1
3
14
2
3
49
10
4
43
3
4
3
4
13
21
2
1
6
0];

P3_count =[
    105
2
30
15
22
19
2
10
7
2
7
2
0
6
4
6
0
10
7
3
7
22
9
13
3
10
13
19
15
33
12
25
6
10
5
10
7
8
10
9
1
22
16
7
3
33
10
5
3
2
85
14
35
25
3
3
4
10
4
2
10
7
3
7
4
12453
3
18
1061
11
15
9
3
12
8
33
11
17
21
9973
6
4
6
7
1
6
9
19
2
7
4
7
1
6
5
6
24
5
0
6
16
0
6
15
41
6
8
5
5
24
7
6
15
11
5
7
3
13
17
7
0
12
11
14
7
5
5
4
14
4
13
4
17
3
10
13
3
3
5
7
1
5
4
3
8
3
26
32
8
12
11
2
18
39
16
27
10
2
2
0
3
2
1
2
6
1
1
2
0
1
4
3
9
0
1
1
3
7
1
0
10
45
18
6
1
1
3
1
1
13
19
1
1
39
0
1
2
0
6
1
1
4
10
14
14
3
6
143
8
13
5
2
3
0
0
22
5
10
15
6
8
1
13
9
0
8
0
1
14
7
4
2
4
0
2
1
1
2
8
5
8
2
3
1
14
1
3
2
1
1
1
7
2
7
1
0
0
6
0
3
9
3
2
17
1
3
1
0
5
7
2
3
2
0];

end
